
-- ÐÞ¸Äsku 
4802719
4802720
4802721
4802722
4802723
4802724
4802725
4802726
4802727
4802728
4802729
4802730
4802731
4802732
4802733
4802734
4802735
4802736
4802737
4802738
4802739
4802740
4802741
4802742
4802743
4802744
4802745
4802746
4802747
4802748
4802749
4802750
4802752
4802753
4802754
4802755
4802757
4802758
4802759
4802760
4802761
4802762
4802763
4802764
4802765
4802766
4802767
4802768
4802769
4802770
4802798
4802901
4802902
4802903
4802904
4802905
4802906
4802907
4802771
4802772
4802773
4802774
4802775
4802776
4802777
4802778
4802780
4802781
4802782
4802783
4802784
4802785
4802786
4802787
4802788
4802789
4802790
4802791
4802792
4802793
4802794
4802795
4802796
4802797
4802799
4802800
4802801
4802806
4802807
4802808
4802809
4802810
4802811
4802812
4802813
4802814
4802815
4802816
4802817
4802818
4802819
4802820
4802821
4802822
4802823
4802824
4802825
4802826
4802827
4802828
4802837
4802838
4802839
4802844
4802845
4802846
4802847
4802848
4802849
4802850
4802851
4802852
4802853
4802854
4802855
4802861
4802862
4802863
4802864
4802865
4802866
4802867
4802868
4802869
4802870
4802871
4802872
4802873
4802874
4802875
4802876
4802877
4802878
4802879
4802880
4802881
4802882
4802883
4802884
4802885
4802886
4802887
4802888
4802889
4802890
4802891
4802892
4802893
4802894
4802895
4802896
4802897
4802898
4802899
4802900